0 0 0
1e-009 0.0627905 0
2e-009 0.125333 0
3e-009 0.187381 0.000523254
4e-009 0.24869 0.00156281
5e-009 0.309017 0.00310922
6e-009 0.368125 0.00515053
7e-009 0.425779 0.0076724
8e-009 0.481754 0.0106582
9e-009 0.535827 0.0140888
1e-008 0.587785 0.0179433
1.1e-008 0.637424 0.0221982
1.2e-008 0.684547 0.0268286
1.3e-008 0.728969 0.0318071
1.4e-008 0.770513 0.0371051
1.5e-008 0.809017 0.042692
1.6e-008 0.844328 0.0485358
1.7e-008 0.876307 0.0546033
1.8e-008 0.904827 0.0608598
1.9e-008 0.929776 0.0672699
2e-008 0.951057 0.0737969
2.1e-008 0.968583 0.0804037
2.2e-008 0.982287 0.0870523
2.3e-008 0.992115 0.0937045
2.4e-008 0.998027 0.100322
2.5e-008 1 0.106866
2.6e-008 0.998027 0.113297
2.7e-008 0.992115 0.119578
2.8e-008 0.982287 0.125671
2.9e-008 0.968583 0.131538
3e-008 0.951057 0.137143
3.1e-008 0.929776 0.14245
3.2e-008 0.904827 0.147424
3.3e-008 0.876307 0.152031
3.4e-008 0.844328 0.156241
3.5e-008 0.809017 0.160021
3.6e-008 0.770513 0.163344
3.7e-008 0.728969 0.166181
3.8e-008 0.684547 0.168507
3.9e-008 0.637424 0.170299
4e-008 0.587785 0.171536
4.1e-008 0.535827 0.172199
4.2e-008 0.481754 0.17227
4.3e-008 0.425779 0.171735
4.4e-008 0.368125 0.170582
4.5e-008 0.309017 0.168802
4.6e-008 0.24869 0.166387
4.7e-008 0.187381 0.163334
4.8e-008 0.125333 0.15964
4.9e-008 0.0627905 0.155306
5e-008 1.00898e-008 0.150336
5.1e-008 -0.0627905 0.144736
5.2e-008 -0.125333 0.138515
5.3e-008 -0.187381 0.131683
5.4e-008 -0.24869 0.124256
5.5e-008 -0.309017 0.116249
5.6e-008 -0.368125 0.107682
5.7e-008 -0.425779 0.0985756
5.8e-008 -0.481754 0.0889541
5.9e-008 -0.535827 0.0788434
6e-008 -0.587785 0.0682717
6.1e-008 -0.637424 0.0572692
6.2e-008 -0.684547 0.0458681
6.3e-008 -0.728969 0.0341025
6.4e-008 -0.770513 0.0220081
6.5e-008 -0.809017 0.00962237
6.6e-008 -0.844328 -0.003016
6.7e-008 -0.876307 -0.0158669
6.8e-008 -0.904827 -0.0288891
6.9e-008 -0.929776 -0.0420404
7e-008 -0.951057 -0.0552777
7.1e-008 -0.968583 -0.0685573
7.2e-008 -0.982287 -0.0818351
7.3e-008 -0.992115 -0.0950664
7.39999e-008 -0.998027 -0.108207
7.49999e-008 -1 -0.121211
7.59999e-008 -0.998027 -0.134035
7.69999e-008 -0.992115 -0.146635
7.79999e-008 -0.982287 -0.158966
7.89999e-008 -0.968583 -0.170987
7.99999e-008 -0.951057 -0.182654
8.09999e-008 -0.929776 -0.193928
8.19999e-008 -0.904827 -0.204767
8.29999e-008 -0.876307 -0.215134
8.39999e-008 -0.844328 -0.224992
8.49999e-008 -0.809017 -0.234305
8.59999e-008 -0.770513 -0.243039
8.69999e-008 -0.728969 -0.251163
8.79999e-008 -0.684547 -0.258648
8.89999e-008 -0.637424 -0.265465
8.99999e-008 -0.587785 -0.27159
9.09999e-008 -0.535827 -0.277
9.19999e-008 -0.481754 -0.281674
9.29999e-008 -0.425779 -0.285594
9.39999e-008 -0.368125 -0.288745
9.49999e-008 -0.309017 -0.291115
9.59999e-008 -0.24869 -0.292694
9.69999e-008 -0.187381 -0.293474
9.79999e-008 -0.125333 -0.293451
9.89999e-008 -0.0627905 -0.292625
9.99999e-008 -2.01796e-008 -0.290995
1.01e-007 0.0627905 -0.288567
1.02e-007 0.125333 -0.285347
1.03e-007 0.187381 -0.281346
1.04e-007 0.24869 -0.276575
1.05e-007 0.309017 -0.271051
1.06e-007 0.368125 -0.26479
1.07e-007 0.425779 -0.257814
1.08e-007 0.481754 -0.250146
1.09e-007 0.535827 -0.241812
1.1e-007 0.587785 -0.232838
1.11e-007 0.637424 -0.223256
1.12e-007 0.684547 -0.213097
1.13e-007 0.728969 -0.202396
1.14e-007 0.770513 -0.19119
1.15e-007 0.809017 -0.179515
1.16e-007 0.844328 -0.167412
1.17e-007 0.876307 -0.154922
1.18e-007 0.904827 -0.142086
1.19e-007 0.929776 -0.128949
1.2e-007 0.951056 -0.115555
1.21e-007 0.968583 -0.101949
1.22e-007 0.982287 -0.0881765
1.23e-007 0.992115 -0.074285
1.24e-007 0.998027 -0.0603207
1.25e-007 1 -0.0463306
1.26e-007 0.998027 -0.0323615
1.27e-007 0.992115 -0.01846
1.28e-007 0.982287 -0.00467236
1.29e-007 0.968583 0.00895581
1.3e-007 0.951057 0.0223796
1.31e-007 0.929776 0.0355549
1.32e-007 0.904827 0.0484388
1.33e-007 0.876307 0.0609896
1.34e-007 0.844328 0.0731668
1.35e-007 0.809017 0.0849318
1.36e-007 0.770513 0.0962473
1.37e-007 0.728969 0.107078
1.38e-007 0.684547 0.117391
1.39e-007 0.637424 0.127153
1.4e-007 0.587785 0.136338
1.41e-007 0.535827 0.144916
1.42e-007 0.481754 0.152865
1.43e-007 0.425779 0.160162
1.44e-007 0.368125 0.166787
1.45e-007 0.309017 0.172723
1.46e-007 0.24869 0.177957
1.47e-007 0.187381 0.182477
1.48e-007 0.125333 0.186274
1.49e-007 0.0627906 0.189342
1.5e-007 3.02694e-008 0.191678
1.51e-007 -0.0627905 0.193282
1.52e-007 -0.125333 0.194155
1.53e-007 -0.187381 0.194305
1.54e-007 -0.24869 0.193737
1.55e-007 -0.309017 0.192463
1.56e-007 -0.368125 0.190497
1.57e-007 -0.425779 0.187854
1.58e-007 -0.481754 0.184552
1.59e-007 -0.535827 0.180613
1.6e-007 -0.587785 0.17606
1.61e-007 -0.637424 0.170918
1.62e-007 -0.684547 0.165214
1.63e-007 -0.728969 0.15898
1.64e-007 -0.770513 0.152246
1.65e-007 -0.809017 0.145045
1.66e-007 -0.844328 0.137413
1.67e-007 -0.876307 0.129387
1.68e-007 -0.904827 0.121004
1.69e-007 -0.929776 0.112303
1.7e-007 -0.951056 0.103325
1.71e-007 -0.968583 0.0941099
1.72e-007 -0.982287 0.0847006
1.73e-007 -0.992115 0.0751389
1.74e-007 -0.998027 0.0654675
1.75e-007 -1 0.0557294
1.76e-007 -0.998027 0.0459674
1.77e-007 -0.992115 0.0362243
1.78e-007 -0.982287 0.0265427
1.79e-007 -0.968583 0.0169645
1.8e-007 -0.951057 0.00753098
1.81e-007 -0.929776 -0.00171721
1.82e-007 -0.904827 -0.0107406
1.83e-007 -0.876307 -0.0195007
1.84e-007 -0.844328 -0.0279603
1.85e-007 -0.809017 -0.0360839
1.86e-007 -0.770513 -0.0438372
1.87e-007 -0.728969 -0.0511877
1.88e-007 -0.684547 -0.058105
1.89e-007 -0.637424 -0.0645603
1.9e-007 -0.587785 -0.0705271
1.91e-007 -0.535827 -0.0759809
1.92e-007 -0.481754 -0.0808997
1.93e-007 -0.425779 -0.0852635
1.94e-007 -0.368125 -0.0890552
1.95e-007 -0.309017 -0.0922597
1.96e-007 -0.24869 -0.0948648
1.97e-007 -0.187381 -0.0968608
1.98e-007 -0.125333 -0.0982405
1.99e-007 -0.0627906 -0.0989996
2e-007 -4.03592e-008 -0.0991364
2.01e-007 0.0627905 -0.0986516
2.02e-007 0.125333 -0.097549
2.03e-007 0.187381 -0.0958348
2.04e-007 0.24869 -0.0935178
2.05e-007 0.309017 -0.0906096
2.06e-007 0.368125 -0.087124
2.07e-007 0.425779 -0.0830777
2.08e-007 0.481754 -0.0784895
2.09e-007 0.535827 -0.0733805
2.1e-007 0.587785 -0.0677743
2.11e-007 0.637424 -0.0616964
2.12e-007 0.684547 -0.0551745
2.13e-007 0.728969 -0.0482381
2.14e-007 0.770513 -0.0409186
2.15e-007 0.809017 -0.0332489
2.16e-007 0.844328 -0.0252638
2.17e-007 0.876307 -0.016999
2.18e-007 0.904827 -0.00849187
2.19e-007 0.929776 0.000219358
2.2e-007 0.951056 0.00909544
2.21e-007 0.968583 0.0180964
2.22e-007 0.982287 0.0271815
2.23e-007 0.992115 0.0363099
2.24e-007 0.998027 0.04544
2.25e-007 1 0.0545305
2.26e-007 0.998027 0.06354
2.27e-007 0.992115 0.0724274
2.28e-007 0.982287 0.0811517
2.29e-007 0.968583 0.089673
2.3e-007 0.951057 0.0979517
2.31e-007 0.929776 0.105949
2.32e-007 0.904827 0.113628
2.33e-007 0.876307 0.120952
2.34e-007 0.844328 0.127886
2.35e-007 0.809017 0.134397
2.36e-007 0.770513 0.140452
2.37e-007 0.728969 0.146023
2.38e-007 0.684547 0.15108
2.39e-007 0.637424 0.155598
2.4e-007 0.587785 0.159552
2.41e-007 0.535827 0.162921
2.42e-007 0.481754 0.165685
2.43e-007 0.425779 0.167828
2.44e-007 0.368125 0.169334
2.45e-007 0.309017 0.170192
2.46e-007 0.24869 0.170393
2.47e-007 0.187381 0.169928
2.48e-007 0.125333 0.168795
2.49e-007 0.0627906 0.166992
2.5e-007 5.0449e-008 0.164519
2.51e-007 -0.0627905 0.161382
2.52e-007 -0.125333 0.157586
2.53e-007 -0.187381 0.15314
2.54e-007 -0.24869 0.148058
2.55e-007 -0.309017 0.142352
2.56e-007 -0.368125 0.136041
2.57e-007 -0.425779 0.129144
2.58e-007 -0.481754 0.121683
2.59e-007 -0.535827 0.113681
2.6e-007 -0.587785 0.105167
2.61e-007 -0.637424 0.0961669
2.62e-007 -0.684547 0.0867131
2.63e-007 -0.728969 0.0768377
2.64e-007 -0.770513 0.0665751
2.65e-007 -0.809017 0.0559612
2.66e-007 -0.844328 0.0450336
2.67e-007 -0.876307 0.0338312
2.68e-007 -0.904827 0.022394
2.69e-007 -0.929776 0.0107633
2.7e-007 -0.951056 -0.00101896
2.71e-007 -0.968583 -0.0129099
2.72e-007 -0.982287 -0.0248662
2.73e-007 -0.992115 -0.036844
2.74e-007 -0.998027 -0.0487994
2.75e-007 -1 -0.0606883
2.76e-007 -0.998027 -0.0724666
2.77e-007 -0.992115 -0.0840908
2.78e-007 -0.982287 -0.0955176
2.79e-007 -0.968583 -0.106704
2.8e-007 -0.951057 -0.117609
2.81e-007 -0.929776 -0.128192
2.82e-007 -0.904827 -0.138411
2.83e-007 -0.876307 -0.14823
2.84e-007 -0.844328 -0.157611
2.85e-007 -0.809017 -0.166519
2.86e-007 -0.770513 -0.174919
2.87e-007 -0.728969 -0.18278
2.88e-007 -0.684547 -0.190072
2.89e-007 -0.637424 -0.196767
2.9e-007 -0.587785 -0.202839
2.91e-007 -0.535827 -0.208265
2.92e-007 -0.481754 -0.213024
2.93e-007 -0.425779 -0.217097
2.94e-007 -0.368125 -0.220469
2.95e-007 -0.309017 -0.223125
2.96e-007 -0.24869 -0.225056
2.97e-007 -0.187381 -0.226253
2.98e-007 -0.125333 -0.226711
2.99e-007 -0.0627906 -0.226428
3e-007 -6.05388e-008 -0.225404
3.01e-007 0.0627905 -0.223641
3.02e-007 0.125333 -0.221146
3.03e-007 0.187381 -0.217928
3.04e-007 0.24869 -0.213998
3.05e-007 0.309017 -0.209369
3.06e-007 0.368124 -0.204058
3.07e-007 0.425779 -0.198085
3.07999e-007 0.481754 -0.191471
3.08999e-007 0.535827 -0.18424
3.09999e-007 0.587785 -0.176419
3.10999e-007 0.637424 -0.168036
3.11999e-007 0.684547 -0.159122
3.12999e-007 0.728969 -0.149709
3.13999e-007 0.770513 -0.139832
3.14999e-007 0.809017 -0.129528
3.15999e-007 0.844328 -0.118833
3.16999e-007 0.876307 -0.107789
3.17999e-007 0.904827 -0.0964337
3.18999e-007 0.929776 -0.0848105
3.19999e-007 0.951056 -0.0729617
3.20999e-007 0.968583 -0.0609308
3.21999e-007 0.982287 -0.0487619
3.22999e-007 0.992115 -0.0364995
3.23999e-007 0.998027 -0.0241887
3.24999e-007 1 -0.0118743
3.25999e-007 0.998027 0.000398521
3.26999e-007 0.992115 0.0125852
3.27999e-007 0.982287 0.0246412
3.28999e-007 0.968583 0.0365229
3.29999e-007 0.951057 0.0481871
3.30999e-007 0.929776 0.0595918
3.31999e-007 0.904827 0.0706958
3.32999e-007 0.876307 0.0814592
3.33999e-007 0.844328 0.0918435
3.34999e-007 0.809017 0.101812
3.35999e-007 0.770513 0.111329
3.36999e-007 0.728969 0.120361
3.37999e-007 0.684547 0.128876
3.38999e-007 0.637424 0.136846
3.39999e-007 0.587785 0.144242
3.40999e-007 0.535827 0.151039
3.41999e-007 0.481754 0.157215
3.42999e-007 0.425779 0.16275
3.43999e-007 0.368125 0.167625
3.44999e-007 0.309017 0.171825
3.45999e-007 0.24869 0.175338
3.46999e-007 0.187381 0.178154
3.47999e-007 0.125333 0.180266
3.48999e-007 0.0627906 0.181668
3.49999e-007 7.06286e-008 0.182361
3.50999e-007 -0.0627904 0.182344
3.51999e-007 -0.125333 0.181621
3.52999e-007 -0.187381 0.1802
3.53999e-007 -0.24869 0.178089
3.54999e-007 -0.309017 0.1753
3.55999e-007 -0.368124 0.171849
3.56999e-007 -0.425779 0.167752
3.57999e-007 -0.481754 0.163028
3.58999e-007 -0.535827 0.157701
3.59999e-007 -0.587785 0.151794
3.60999e-007 -0.637424 0.145333
3.61999e-007 -0.684547 0.138348
3.62999e-007 -0.728969 0.130869
3.63999e-007 -0.770513 0.122929
3.64999e-007 -0.809017 0.114563
3.65999e-007 -0.844328 0.105805
3.66999e-007 -0.876307 0.096693
3.67999e-007 -0.904827 0.0872663
3.68999e-007 -0.929776 0.0775645
3.69999e-007 -0.951056 0.0676282
3.70999e-007 -0.968583 0.0574992
3.71999e-007 -0.982287 0.0472198
3.72999e-007 -0.992115 0.0368328
3.73999e-007 -0.998027 0.0263813
3.74999e-007 -1 0.0159086
3.75999e-007 -0.998027 0.00545801
3.76999e-007 -0.992115 -0.00492739
3.77999e-007 -0.982287 -0.0152049
3.78999e-007 -0.968583 -0.0253322
3.79999e-007 -0.951057 -0.035268
3.80999e-007 -0.929776 -0.0449715
3.81999e-007 -0.904827 -0.054403
3.82999e-007 -0.876307 -0.0635243
3.83999e-007 -0.844328 -0.0722981
3.84999e-007 -0.809017 -0.0806888
3.85999e-007 -0.770513 -0.0886625
3.86999e-007 -0.728969 -0.0961867
3.87999e-007 -0.684547 -0.103231
3.88999e-007 -0.637424 -0.109768
3.89999e-007 -0.587785 -0.11577
3.90999e-007 -0.535827 -0.121213
3.91999e-007 -0.481754 -0.126076
3.92999e-007 -0.425779 -0.13034
3.93999e-007 -0.368125 -0.133987
3.94999e-007 -0.309017 -0.137003
3.95999e-007 -0.24869 -0.139377
3.96999e-007 -0.187381 -0.141099
3.97999e-007 -0.125333 -0.142163
3.98999e-007 -0.0627906 -0.142565
3.99999e-007 -8.07184e-008 -0.142304
4.00999e-007 0.0627904 -0.141381
4.01999e-007 0.125333 -0.139802
4.02998e-007 0.187381 -0.137573
4.03998e-007 0.24869 -0.134703
4.04998e-007 0.309017 -0.131206
4.05998e-007 0.368124 -0.127096
4.06998e-007 0.425779 -0.12239
4.07998e-007 0.481754 -0.117109
4.08998e-007 0.535827 -0.111273
4.09998e-007 0.587785 -0.104909
4.10998e-007 0.637424 -0.0980426
4.11998e-007 0.684547 -0.0907021
4.12998e-007 0.728969 -0.0829184
4.13998e-007 0.770513 -0.074724
4.14998e-007 0.809017 -0.0661529
4.15998e-007 0.844328 -0.0572409
4.16998e-007 0.876307 -0.0480251
4.17998e-007 0.904827 -0.0385438
4.18998e-007 0.929776 -0.0288365
4.19998e-007 0.951056 -0.0189435
4.20998e-007 0.968583 -0.00890619
4.21998e-007 0.982287 0.00123376
4.22998e-007 0.992115 0.011434
4.23998e-007 0.998027 0.0216521
4.24998e-007 1 0.0318452
4.25998e-007 0.998027 0.0419708
4.26998e-007 0.992115 0.0519865
4.27998e-007 0.982287 0.0618503
4.28998e-007 0.968583 0.0715208
4.29998e-007 0.951057 0.0809573
4.30998e-007 0.929776 0.0901199
4.31998e-007 0.904827 0.0989701
4.32998e-007 0.876307 0.10747
4.33998e-007 0.844328 0.115584
4.34998e-007 0.809017 0.123277
4.35998e-007 0.770513 0.130516
4.36998e-007 0.728969 0.13727
4.37998e-007 0.684547 0.14351
4.38998e-007 0.637424 0.149208
4.39998e-007 0.587785 0.154339
4.40998e-007 0.535827 0.15888
4.41998e-007 0.481754 0.162811
4.42998e-007 0.425779 0.166113
4.43998e-007 0.368125 0.168771
4.44998e-007 0.309017 0.170772
4.45998e-007 0.24869 0.172105
4.46998e-007 0.187381 0.172762
4.47998e-007 0.125333 0.172738
4.48998e-007 0.0627906 0.172031
4.49998e-007 9.08081e-008 0.17064
4.50998e-007 -0.0627904 0.168569
4.51998e-007 -0.125333 0.165824
4.52998e-007 -0.187381 0.162412
4.53998e-007 -0.24869 0.158345
4.54998e-007 -0.309017 0.153637
4.55998e-007 -0.368124 0.148304
4.56998e-007 -0.425779 0.142363
4.57998e-007 -0.481754 0.135838
4.58998e-007 -0.535827 0.12875
4.59998e-007 -0.587785 0.121127
4.60998e-007 -0.637424 0.112995
4.61998e-007 -0.684547 0.104385
4.62998e-007 -0.728969 0.0953283
4.63998e-007 -0.770513 0.0858593
4.64998e-007 -0.809017 0.0760133
4.65998e-007 -0.844328 0.0658271
4.66998e-007 -0.876307 0.055339
4.67998e-007 -0.904827 0.0445888
4.68998e-007 -0.929776 0.0336171
4.69998e-007 -0.951056 0.0224655
4.70998e-007 -0.968583 0.0111765
4.71998e-007 -0.982287 -0.000206927
4.72998e-007 -0.992115 -0.0116414
4.73998e-007 -0.998027 -0.0230831
4.74998e-007 -1 -0.0344883
4.75998e-007 -0.998027 -0.0458132
4.76998e-007 -0.992115 -0.0570143
4.77998e-007 -0.982287 -0.0680487
4.78998e-007 -0.968583 -0.0788738
4.79998e-007 -0.951057 -0.0894479
4.80998e-007 -0.929777 -0.0997303
4.81998e-007 -0.904827 -0.109681
4.82998e-007 -0.876307 -0.119262
4.83998e-007 -0.844328 -0.128436
4.84998e-007 -0.809017 -0.137167
4.85998e-007 -0.770513 -0.145422
4.86998e-007 -0.728969 -0.153169
4.87998e-007 -0.684547 -0.160377
4.88998e-007 -0.637424 -0.167018
4.89998e-007 -0.587785 -0.173067
4.90998e-007 -0.535827 -0.178499
4.91998e-007 -0.481754 -0.183294
4.92998e-007 -0.425779 -0.187433
4.93998e-007 -0.368125 -0.1909
4.94998e-007 -0.309017 -0.19368
4.95998e-007 -0.24869 -0.195763
4.96998e-007 -0.187381 -0.19714
4.97998e-007 -0.125333 -0.197805
4.98998e-007 -0.0627906 -0.197757
4.99997e-007 -1.00898e-007 -0.196994
5.00997e-007 0.0627904 -0.195519
5.01997e-007 0.125333 -0.193338
5.02997e-007 0.187381 -0.190458
5.03997e-007 0.24869 -0.186891
5.04997e-007 0.309017 -0.18265
5.05997e-007 0.368124 -0.17775
5.06997e-007 0.425779 -0.172211
5.07997e-007 0.481754 -0.166053
5.08997e-007 0.535827 -0.159299
5.09997e-007 0.587785 -0.151977
5.10997e-007 0.637424 -0.144113
5.11997e-007 0.684547 -0.135737
5.12997e-007 0.728969 -0.126881
5.13997e-007 0.770513 -0.11758
5.14997e-007 0.809017 -0.107869
5.15997e-007 0.844328 -0.0977844
5.16997e-007 0.876307 -0.0873653
5.17997e-007 0.904827 -0.0766513
5.18997e-007 0.929776 -0.0656835
5.19997e-007 0.951056 -0.0545037
5.20997e-007 0.968583 -0.0431547
5.21997e-007 0.982287 -0.0316798
5.22997e-007 0.992115 -0.0201228
5.23997e-007 0.998027 -0.00852771
5.24997e-007 1 0.00306114
5.25997e-007 0.998027 0.0145996
5.26997e-007 0.992115 0.0260438
5.27997e-007 0.982287 0.0373501
5.28997e-007 0.968583 0.0484756
5.29997e-007 0.951057 0.059378
5.30997e-007 0.929777 0.070016
5.31997e-007 0.904827 0.0803492
5.32997e-007 0.876307 0.0903387
5.33997e-007 0.844328 0.0999466
5.34997e-007 0.809017 0.109137
5.35997e-007 0.770513 0.117875
5.36997e-007 0.728969 0.126128
5.37997e-007 0.684547 0.133865
5.38997e-007 0.637424 0.141058
5.39997e-007 0.587785 0.14768
5.40997e-007 0.535827 0.153706
5.41997e-007 0.481754 0.159114
5.42997e-007 0.425779 0.163886
5.43997e-007 0.368125 0.168003
5.44997e-007 0.309017 0.171451
5.45997e-007 0.24869 0.174219
5.46997e-007 0.187381 0.176296
5.47997e-007 0.125333 0.177678
5.48997e-007 0.0627906 0.178359
5.49997e-007 1.10988e-007 0.17834
5.50997e-007 -0.0627904 0.17762
5.51997e-007 -0.125333 0.176206
5.52997e-007 -0.187381 0.174105
5.53997e-007 -0.24869 0.171325
5.54997e-007 -0.309017 0.167881
5.55997e-007 -0.368124 0.163786
5.56997e-007 -0.425779 0.159059
5.57997e-007 -0.481754 0.153719
5.58997e-007 -0.535827 0.14779
5.59997e-007 -0.587785 0.141297
5.60997e-007 -0.637424 0.134265
5.61997e-007 -0.684547 0.126725
5.62997e-007 -0.728969 0.118707
5.63997e-007 -0.770513 0.110244
5.64997e-007 -0.809017 0.101372
5.65997e-007 -0.844328 0.0921258
5.66997e-007 -0.876307 0.0825439
5.67997e-007 -0.904827 0.072665
5.68997e-007 -0.929776 0.0625293
5.69997e-007 -0.951056 0.0521778
5.70997e-007 -0.968583 0.0416526
5.71997e-007 -0.982287 0.030996
5.72997e-007 -0.992115 0.0202512
5.73997e-007 -0.998027 0.00946147
5.74997e-007 -1 -0.00132969
5.75997e-007 -0.998027 -0.0120789
5.76997e-007 -0.992115 -0.0227428
5.77997e-007 -0.982287 -0.0332787
5.78997e-007 -0.968583 -0.0436443
5.79997e-007 -0.951057 -0.0537979
5.80997e-007 -0.929777 -0.063699
5.81997e-007 -0.904827 -0.0733077
5.82997e-007 -0.876307 -0.0825858
5.83997e-007 -0.844328 -0.091496
5.84997e-007 -0.809017 -0.100003
5.85997e-007 -0.770513 -0.108072
5.86997e-007 -0.728969 -0.115672
5.87997e-007 -0.684547 -0.122772
5.88997e-007 -0.637424 -0.129344
5.89997e-007 -0.587785 -0.135362
5.90997e-007 -0.535827 -0.140801
5.91997e-007 -0.481754 -0.14564
5.92997e-007 -0.425779 -0.149861
5.93997e-007 -0.368125 -0.153446
5.94996e-007 -0.309017 -0.156381
5.95996e-007 -0.24869 -0.158655
5.96996e-007 -0.187381 -0.160259
5.97996e-007 -0.125333 -0.161186
5.98996e-007 -0.0627906 -0.161434
5.99996e-007 -1.21078e-007 -0.161001
6.00996e-007 0.0627904 -0.159889
6.01996e-007 0.125333 -0.158104
6.02996e-007 0.187381 -0.155652
6.03996e-007 0.24869 -0.152544
6.04996e-007 0.309017 -0.148792
6.05996e-007 0.368124 -0.144411
6.06996e-007 0.425779 -0.13942
6.07996e-007 0.481754 -0.133838
6.08996e-007 0.535827 -0.127689
6.09996e-007 0.587785 -0.120997
6.10996e-007 0.637424 -0.113789
6.11996e-007 0.684547 -0.106094
6.12996e-007 0.728969 -0.0979438
6.13996e-007 0.770513 -0.0893707
6.14996e-007 0.809017 -0.0804096
6.15996e-007 0.844328 -0.0710964
6.16996e-007 0.876307 -0.061469
6.17996e-007 0.904827 -0.051566
6.18996e-007 0.929776 -0.0414275
6.19996e-007 0.951056 -0.0310944
6.20996e-007 0.968583 -0.0206084
6.21996e-007 0.982287 -0.0100118
6.22996e-007 0.992115 0.00065253
6.23996e-007 0.998027 0.0113415
6.24996e-007 1 0.022012
6.25996e-007 0.998027 0.0326209
6.26996e-007 0.992115 0.0431251
6.27996e-007 0.982287 0.0534822
6.28996e-007 0.968583 0.0636503
6.29996e-007 0.951057 0.0735881
6.30996e-007 0.929777 0.0832553
6.31996e-007 0.904827 0.0926126
6.32996e-007 0.876307 0.101622
6.33996e-007 0.844328 0.110247
6.34996e-007 0.809017 0.118452
6.35996e-007 0.770513 0.126203
6.36996e-007 0.728969 0.13347
6.37996e-007 0.684547 0.140222
6.38996e-007 0.637424 0.146431
6.39996e-007 0.587785 0.152072
6.40996e-007 0.535827 0.15712
6.41996e-007 0.481754 0.161557
6.42996e-007 0.425779 0.165361
6.43996e-007 0.368125 0.168518
6.44996e-007 0.309017 0.171014
6.45996e-007 0.24869 0.172837
6.46996e-007 0.187381 0.17398
6.47996e-007 0.125333 0.174436
6.48996e-007 0.0627906 0.174204
6.49996e-007 1.31167e-007 0.173282
6.50996e-007 -0.0627904 0.171673
6.51996e-007 -0.125333 0.169383
6.52996e-007 -0.187381 0.166419
6.53996e-007 -0.24869 0.162792
6.54996e-007 -0.309017 0.158516
6.55996e-007 -0.368124 0.153606
6.56996e-007 -0.425779 0.14808
6.57996e-007 -0.481754 0.14196
6.58996e-007 -0.535827 0.135268
6.59996e-007 -0.587785 0.128031
6.60996e-007 -0.637424 0.120275
6.61996e-007 -0.684547 0.11203
6.62996e-007 -0.728969 0.103329
6.63996e-007 -0.770513 0.0942039
6.64996e-007 -0.809017 0.0846905
6.65996e-007 -0.844328 0.0748256
6.66996e-007 -0.876307 0.0646472
6.67996e-007 -0.904827 0.0541947
6.68996e-007 -0.929776 0.0435086
6.69996e-007 -0.951056 0.0326304
6.70996e-007 -0.968583 0.0216023
6.71996e-007 -0.982287 0.0104671
6.72996e-007 -0.992115 -0.00073176
6.73996e-007 -0.998027 -0.0119508
6.74996e-007 -1 -0.0231462
6.75996e-007 -0.998027 -0.0342745
6.76996e-007 -0.992115 -0.0452923
6.77996e-007 -0.982287 -0.0561564
6.78996e-007 -0.968583 -0.0668247
6.79996e-007 -0.951057 -0.0772553
6.80996e-007 -0.929777 -0.0874075
6.81996e-007 -0.904827 -0.0972416
6.82996e-007 -0.876307 -0.106719
6.83996e-007 -0.844328 -0.115803
6.84996e-007 -0.809017 -0.124458
6.85996e-007 -0.770513 -0.13265
6.86996e-007 -0.728969 -0.140347
6.87996e-007 -0.684547 -0.147518
6.88995e-007 -0.637424 -0.154136
6.89995e-007 -0.587785 -0.160174
6.90995e-007 -0.535827 -0.165609
6.91995e-007 -0.481754 -0.17042
6.92995e-007 -0.425779 -0.174587
6.93995e-007 -0.368125 -0.178094
6.94995e-007 -0.309017 -0.180927
6.95995e-007 -0.24869 -0.183075
6.96995e-007 -0.187381 -0.18453
6.97995e-007 -0.125333 -0.185286
6.98995e-007 -0.0627907 -0.185339
6.99995e-007 -1.41257e-007 -0.184689
7.00995e-007 0.0627904 -0.183339
7.01995e-007 0.125333 -0.181293
7.02995e-007 0.187381 -0.17856
7.03995e-007 0.24869 -0.17515
7.04995e-007 0.309017 -0.171076
7.05995e-007 0.368124 -0.166354
7.06995e-007 0.425779 -0.161002
7.07995e-007 0.481754 -0.155041
7.08995e-007 0.535827 -0.148495
7.09995e-007 0.587785 -0.141388
7.10995e-007 0.637424 -0.133748
7.11995e-007 0.684547 -0.125605
7.12995e-007 0.728969 -0.116991
7.13995e-007 0.770513 -0.107939
7.14995e-007 0.809017 -0.0984845
7.15995e-007 0.844328 -0.0886639
7.16995e-007 0.876307 -0.0785155
7.17995e-007 0.904827 -0.068079
7.18995e-007 0.929776 -0.0573949
7.19995e-007 0.951056 -0.0465047
7.20995e-007 0.968583 -0.0354509
7.21995e-007 0.982287 -0.0242764
7.22995e-007 0.992115 -0.0130247
7.23995e-007 0.998027 -0.00173956
7.24995e-007 1 0.00953519
7.25995e-007 0.998027 0.0207557
7.26995e-007 0.992115 0.0318784
7.27995e-007 0.982287 0.0428601
7.28995e-007 0.968583 0.0536582
7.29995e-007 0.951057 0.0642307
7.30995e-007 0.929777 0.0745367
7.31995e-007 0.904827 0.0845362
7.32995e-007 0.876307 0.0941905
7.33995e-007 0.844328 0.103462
7.34995e-007 0.809017 0.112316
7.35995e-007 0.770513 0.120716
7.36995e-007 0.728969 0.128632
7.37995e-007 0.684547 0.136033
7.38995e-007 0.637424 0.142889
7.39995e-007 0.587785 0.149175
7.40995e-007 0.535827 0.154867
7.41995e-007 0.481754 0.159943
7.42995e-007 0.425779 0.164384
7.43995e-007 0.368125 0.168173
7.44995e-007 0.309017 0.171295
7.45995e-007 0.24869 0.17374
7.46995e-007 0.187381 0.175498
7.47995e-007 0.125333 0.176564
7.48995e-007 0.0627907 0.176932
7.49995e-007 1.51347e-007 0.176604
7.50995e-007 -0.0627904 0.175581
7.51995e-007 -0.125333 0.173868
7.52995e-007 -0.187381 0.171471
7.53995e-007 -0.24869 0.168402
7.54995e-007 -0.309017 0.164673
7.55995e-007 -0.368124 0.1603
7.56995e-007 -0.425779 0.1553
7.57995e-007 -0.481754 0.149693
7.58995e-007 -0.535827 0.143504
7.59995e-007 -0.587785 0.136756
7.60995e-007 -0.637424 0.129477
7.61995e-007 -0.684547 0.121696
7.62995e-007 -0.728969 0.113444
7.63995e-007 -0.770513 0.104755
7.64995e-007 -0.809017 0.0956638
7.65995e-007 -0.844328 0.0862063
7.66995e-007 -0.876307 0.0764206
7.67995e-007 -0.904827 0.0663457
7.68995e-007 -0.929776 0.0560219
7.69995e-007 -0.951056 0.0454905
7.70995e-007 -0.968583 0.0347935
7.71995e-007 -0.982287 0.0239734
7.72995e-007 -0.992115 0.0130735
7.73995e-007 -0.998027 0.00213714
7.74995e-007 -1 -0.00879211
7.75995e-007 -0.998027 -0.0196708
7.76995e-007 -0.992115 -0.0304555
7.77995e-007 -0.982287 -0.0411035
7.78995e-007 -0.968583 -0.0515724
7.79995e-007 -0.951057 -0.0618206
7.80995e-007 -0.929777 -0.0718073
7.81995e-007 -0.904827 -0.081493
7.82995e-007 -0.876307 -0.0908392
7.83994e-007 -0.844328 -0.0998086
7.84994e-007 -0.809017 -0.108366
7.85994e-007 -0.770513 -0.116477
7.86994e-007 -0.728969 -0.12411
7.87994e-007 -0.684547 -0.131234
7.88994e-007 -0.637424 -0.137821
7.89994e-007 -0.587785 -0.143846
7.90994e-007 -0.535827 -0.149284
7.91994e-007 -0.481754 -0.154113
7.92994e-007 -0.425779 -0.158315
7.93994e-007 -0.368125 -0.161873
7.94994e-007 -0.309017 -0.164774
7.95994e-007 -0.24869 -0.167005
7.96994e-007 -0.187381 -0.168557
7.97994e-007 -0.125333 -0.169426
7.98994e-007 -0.0627907 -0.169607
7.99994e-007 -1.61437e-007 -0.169099
8.00994e-007 0.0627904 -0.167906
8.01994e-007 0.125333 -0.166031
8.02994e-007 0.187381 -0.163483
8.03994e-007 0.24869 -0.160271
8.04994e-007 0.309017 -0.156409
8.05994e-007 0.368124 -0.151912
8.06994e-007 0.425779 -0.146797
8.07994e-007 0.481754 -0.141086
8.08994e-007 0.535827 -0.134801
8.09994e-007 0.587785 -0.127967
8.10994e-007 0.637424 -0.120611
8.11994e-007 0.684547 -0.112763
8.12994e-007 0.728969 -0.104454
8.13994e-007 0.770513 -0.0957169
8.14994e-007 0.809017 -0.0865869
8.15994e-007 0.844328 -0.0771001
8.16994e-007 0.876307 -0.0672945
8.17994e-007 0.904827 -0.057209
8.18994e-007 0.929776 -0.0468838
8.19994e-007 0.951056 -0.0363602
8.20994e-007 0.968583 -0.02568
8.21994e-007 0.982287 -0.0148857
8.22994e-007 0.992115 -0.00402048
8.23994e-007 0.998027 0.00687243
8.24994e-007 1 0.0177496
8.25994e-007 0.998027 0.0285676
8.26994e-007 0.992115 0.0392834
8.27994e-007 0.982287 0.0498541
8.28994e-007 0.968583 0.0602377
8.29994e-007 0.951057 0.0703925
8.30994e-007 0.929777 0.0802782
8.31994e-007 0.904827 0.0898551
8.32994e-007 0.876307 0.099085
8.33994e-007 0.844328 0.107931
8.34994e-007 0.809017 0.116358
8.35994e-007 0.770513 0.124331
8.36994e-007 0.728969 0.13182
8.37994e-007 0.684547 0.138794
8.38994e-007 0.637424 0.145224
8.39994e-007 0.587785 0.151085
8.40994e-007 0.535827 0.156354
8.41994e-007 0.481754 0.161009
8.42994e-007 0.425779 0.165031
8.43994e-007 0.368125 0.168404
8.44994e-007 0.309017 0.171114
8.45994e-007 0.24869 0.17315
8.46994e-007 0.187381 0.174503
8.47994e-007 0.125333 0.175168
8.48994e-007 0.0627907 0.175141
8.49994e-007 1.71526e-007 0.174422
8.50994e-007 -0.0627903 0.173013
8.51994e-007 -0.125333 0.17092
8.52994e-007 -0.187381 0.16815
8.53994e-007 -0.24869 0.164714
8.54994e-007 -0.309017 0.160625
8.55994e-007 -0.368124 0.155898
8.56994e-007 -0.425779 0.150552
8.57994e-007 -0.481754 0.144608
8.58994e-007 -0.535827 0.138087
8.59994e-007 -0.587785 0.131017
8.60994e-007 -0.637424 0.123424
8.61994e-007 -0.684547 0.115338
8.62994e-007 -0.728969 0.106791
8.63994e-007 -0.770513 0.0978146
8.64994e-007 -0.809017 0.0884455
8.65994e-007 -0.844328 0.0787198
8.66994e-007 -0.876307 0.0686755
8.67994e-007 -0.904827 0.058352
8.68994e-007 -0.929776 0.0477897
8.69994e-007 -0.951056 0.03703
8.70994e-007 -0.968583 0.026115
8.71994e-007 -0.982287 0.0150875
8.72994e-007 -0.992115 0.00399074
8.73994e-007 -0.998027 -0.00713172
8.74994e-007 -1 -0.0182363
8.75994e-007 -0.998027 -0.0292793
8.76994e-007 -0.992115 -0.0402175
8.77994e-007 -0.982287 -0.0510078
8.78993e-007 -0.968583 -0.061608
8.79993e-007 -0.951057 -0.0719763
8.80993e-007 -0.929777 -0.0820721
8.81993e-007 -0.904827 -0.0918556
8.82993e-007 -0.876307 -0.101288
8.83993e-007 -0.844328 -0.110333
8.84993e-007 -0.809017 -0.118955
8.85993e-007 -0.770513 -0.127119
8.86993e-007 -0.728969 -0.134794
8.87993e-007 -0.684547 -0.141949
8.88993e-007 -0.637424 -0.148557
8.89993e-007 -0.587785 -0.154591
8.90993e-007 -0.535827 -0.160027
8.91993e-007 -0.481754 -0.164844
8.92993e-007 -0.425779 -0.169023
8.93993e-007 -0.368125 -0.172548
8.94993e-007 -0.309017 -0.175404
8.95993e-007 -0.24869 -0.177581
8.96993e-007 -0.187381 -0.179069
8.97993e-007 -0.125333 -0.179863
8.98993e-007 -0.0627907 -0.17996
8.99993e-007 -1.81616e-007 -0.179359
9.00993e-007 0.0627903 -0.178062
9.01993e-007 0.125333 -0.176075
9.02993e-007 0.187381 -0.173406
9.03993e-007 0.24869 -0.170063
9.04993e-007 0.309017 -0.166062
9.05993e-007 0.368124 -0.161417
9.06993e-007 0.425779 -0.156146
9.07993e-007 0.481754 -0.150271
9.08993e-007 0.535827 -0.143814
9.09993e-007 0.587785 -0.1368
9.10993e-007 0.637424 -0.129258
9.11993e-007 0.684547 -0.121216
9.12993e-007 0.728969 -0.112706
9.13993e-007 0.770513 -0.103762
9.14993e-007 0.809017 -0.0944182
9.15993e-007 0.844328 -0.0847118
9.16993e-007 0.876307 -0.0746807
9.17993e-007 0.904827 -0.0643643
9.18993e-007 0.929776 -0.053803
9.19993e-007 0.951056 -0.0430382
9.20993e-007 0.968583 -0.0321122
9.21993e-007 0.982287 -0.0210677
9.22993e-007 0.992115 -0.00994823
9.23993e-007 0.998027 0.00120277
9.24993e-007 1 0.0123415
9.25993e-007 0.998027 0.0234244
9.26993e-007 0.992115 0.0344079
9.27993e-007 0.982287 0.0452491
9.28993e-007 0.968583 0.0559054
9.29993e-007 0.951057 0.0663351
9.30993e-007 0.929777 0.0764973
9.31993e-007 0.904827 0.0863523
9.32993e-007 0.876307 0.0958615
9.33993e-007 0.844328 0.104988
9.34993e-007 0.809017 0.113695
9.35993e-007 0.770513 0.12195
9.36993e-007 0.728969 0.12972
9.37993e-007 0.684547 0.136974
9.38993e-007 0.637424 0.143685
9.39993e-007 0.587785 0.149826
9.40993e-007 0.535827 0.155373
9.41993e-007 0.481754 0.160305
9.42993e-007 0.425779 0.164603
9.43993e-007 0.368125 0.168249
9.44993e-007 0.309017 0.171231
9.45993e-007 0.24869 0.173536
9.46993e-007 0.187382 0.175155
9.47993e-007 0.125333 0.176084
9.48993e-007 0.0627907 0.176317
9.49993e-007 1.91706e-007 0.175855
9.50993e-007 -0.0627903 0.1747
9.51993e-007 -0.125333 0.172857
9.52993e-007 -0.187381 0.170333
9.53993e-007 -0.24869 0.167139
9.54993e-007 -0.309017 0.163287
9.55993e-007 -0.368124 0.158792
9.56993e-007 -0.425779 0.153674
9.57993e-007 -0.481753 0.147952
9.58993e-007 -0.535827 0.14165
9.59993e-007 -0.587785 0.134791
9.60993e-007 -0.637424 0.127405
9.61993e-007 -0.684547 0.11952
9.62993e-007 -0.728969 0.111167
9.63993e-007 -0.770513 0.10238
9.64993e-007 -0.809017 0.0931938
9.65993e-007 -0.844328 0.0836447
9.66993e-007 -0.876307 0.0737706
9.67993e-007 -0.904827 0.0636108
9.68993e-007 -0.929776 0.0532055
9.69993e-007 -0.951056 0.0425961
9.70993e-007 -0.968583 0.0318245
9.71993e-007 -0.982287 0.0209336
9.72993e-007 -0.992115 0.00996648
9.73993e-007 -0.998027 -0.00103345
9.74993e-007 -1 -0.0120226
9.75993e-007 -0.998027 -0.0229574
9.76993e-007 -0.992115 -0.0337945
9.77992e-007 -0.982287 -0.0444911
9.78992e-007 -0.968583 -0.0550048
9.79992e-007 -0.951057 -0.065294
9.80992e-007 -0.929777 -0.075318
9.81992e-007 -0.904827 -0.085037
9.82992e-007 -0.876307 -0.0944127
9.83992e-007 -0.844328 -0.103408
9.84992e-007 -0.809017 -0.111987
9.85992e-007 -0.770513 -0.120116
9.86992e-007 -0.728969 -0.127763
9.87992e-007 -0.684547 -0.134898
9.88992e-007 -0.637424 -0.141492
9.89992e-007 -0.587785 -0.14752
9.90992e-007 -0.535827 -0.152957
9.91992e-007 -0.481754 -0.157782
9.92992e-007 -0.425779 -0.161977
9.93992e-007 -0.368125 -0.165523
9.94992e-007 -0.309017 -0.168408
9.95992e-007 -0.24869 -0.170621
9.96992e-007 -0.187382 -0.172151
9.97992e-007 -0.125333 -0.172994
9.98992e-007 -0.0627907 -0.173146
9.99992e-007 -2.01796e-007 -0.172607
